0.09276334 -1
0.09177464 -1
0.09022698 -1
0.08980285 -1
0.08975262 -1
0.09017133 -1
0.0908537 -1
0.08912921 -1
0.08821557 -1
0.09256835 -1
0.08916109 -1
0.09005363 -1
0.08931212 -1
0.09219267 -1
0.09013636 -1
0.09004546 -1
0.0871354 -1
0.08786857 -1
0.08891806 -1
0.08873888 -1
0.09043816 -1
0.08963 -1
0.08905365 -1
0.08915068 -1
0.08930408 -1
0.09306316 -1
0.09004763 -1
0.08999321 -1
0.09088092 -1
0.0875848 -1
0.09077502 -1
0.09046891 -1
0.0876753 -1
0.08837259 -1
0.09208915 -1
0.09083679 -1
0.08930997 -1
0.08808071 -1
0.08986712 -1
0.09015484 -1
0.09008795 -1
0.08922918 -1
0.09101403 -1
0.09051622 -1
0.09116094 -1
0.09057885 -1
0.09116112 -1
0.09225683 -1
0.09111076 -1
0.08963519 -1
0.09069176 -1
0.09100543 -1
0.09063006 -1
0.08992365 -1
0.0883981 -1
0.08835778 -1
0.09019215 -1
0.0893002 -1
0.09113975 -1
0.09003577 -1
0.09239466 -1
0.08906957 -1
0.09304654 -1
0.09048044 -1
0.09200437 -1
0.08739931 -1
0.09076969 -1
0.09055429 -1
0.09076996 -1
0.08834828 -1
0.08824988 -1
0.08682543 -1
0.08886503 -1
0.08905263 -1
0.08977636 -1
0.09036651 -1
0.08914987 -1
0.09219883 -1
0.09112073 -1
0.08864332 -1
0.08951142 -1
0.08726825 -1
0.09284646 -1
0.09210044 -1
0.09014541 -1
0.08896867 -1
0.08715554 -1
0.09044839 -1
0.08860154 -1
0.09071106 -1
0.09214165 -1
0.09042636 -1
0.09202488 -1
0.09020868 -1
0.09122288 -1
0.08962402 -1
0.09177826 -1
0.09193166 -1
0.08899594 -1
0.09308855 -1
